4 3 3 1
1 4 1
2 4 2
3 4 3
1 2 3

8 10 2 1
1 3 2
1 4 1
2 4 3
2 5 3
3 6 4
4 6 2
4 7 2
5 7 7
6 8 2
7 8 1
5 10

7 8 2 2
1 3 3
1 4 2
2 4 1
2 5 4
3 6 10
4 6 5
4 7 3
5 7 8
2 3

8 14 2 1
1 3 2
1 4 3
1 5 4
2 3 1
2 4 2
2 5 3
3 6 4
3 7 5
4 6 1
4 7 2
5 6 2
5 7 4
6 8 10
7 8 8
4 8

3 2 1 1
1 2 10
2 3 10
10

4 3 1 2
1 2 20
2 3 20
2 4 20
10

5 5 1 1
1 2 10
1 3 10
2 4 5
3 5 4
4 5 6
1

5 6 1 1
1 2 10
1 3 10
2 4 4
3 4 6
3 5 5
4 5 3
1

6 6 1 2
1 2 10
1 3 10
2 4 5
3 5 4
3 6 5
4 5 6
1

6 6 1 2
1 2 10
1 3 10
2 4 5
3 5 4
4 6 5
4 5 6
1

5 4 2 2
1 3 2
2 3 3
3 4 2
2 5 3
10 10

4 3 2 1
1 3 10
2 3 10
3 4 10
2 5

5 4 2 2
1 3 5
2 3 8
3 4 6
3 5 7
4 5

6 5 3 2
1 4 5
2 4 2
3 6 5
4 5 5
4 6 6
5 5 5